4294967278,528
30,2
4294967278,311
4294967279,299
39,5
4294967278,30
4294967278,29
4294967278,28
4294967278,27
4294967278,25
4294967278,20
4294967278,15
4294967278,14
4294967278,13
4294967278,11
4294967278,6
4294967279,132
4294967279,130
4294967279,128
4294967279,123
4294967279,121
21,2
15,2
4294967294,475
34,5
34,4
4294967278,525
4294967279,296
17,2
4294967294,15
4294967294,18
4294967294,127
4294967294,14
4294967294,126
4294967294,20
4294967294,13
4294967294,184
4294967294,179
4294967279,295
19,2
4294967294,30
4294967294,168
4294967294,97
4294967294,322
4294967294,189
4294967294,165
4294967294,115
4294967294,171
4294967294,113
4294967294,181
4294967278,166
4294967278,160
4294967278,158
4294967278,157
4294967294,12
4294967294,104
4294967294,106
4294967294,172
4294967294,24
4294967294,180
4294967294,177
4294967294,199
4294967294,167
4294967294,323
4294967294,11
4294967294,120
4294967294,68
4294967278,284
18,2
4294967279,326
4294967278,543
16,2
4294967278,125
4294967278,124
4294967278,120
4294967278,118
4294967278,117
4294967278,116
4294967278,114
4294967278,113
4294967278,110
4294967278,109
4294967278,108
4294967278,106
4294967278,105
4294967278,103
4294967278,102
4294967278,101
4294967278,100
4294967278,99
4294967278,98
4294967278,533
4294967278,96
4294967278,95
4294967278,94
4294967278,93
4294967278,89
4294967278,86
4294967278,85
4294967278,84
4294967278,82
4294967278,537
4294967278,80
4294967278,79
4294967278,78
4294967278,77
4294967278,73
4294967278,71
4294967278,70
4294967278,69
4294967278,68
4294967278,66
4294967278,65
4294967278,64
4294967278,63
4294967278,59
4294967278,57
4294967278,56
4294967278,55
4294967278,54
4294967278,53
4294967278,52
4294967278,49
4294967278,47
4294967278,46
4294967278,45
4294967278,44
4294967278,43
4294967278,42
4294967278,41
4294967278,40
4294967278,38
4294967278,37
4294967278,36
4294967278,35
4294967278,34
4294967278,33
4294967278,32
4294967279,23
4294967279,22
4294967279,19
4294967279,18
4294967279,16
4294967279,15
4294967279,12
4294967279,9
4294967279,7
4294967279,6
4294967279,5
4294967279,4
4294967279,146
4294967278,31
4294967278,292
21,5
21,4
30,6
30,5
30,4
4294967279,275
15,4
17,4
4294967279,303
4294967279,20
19,4
4294967279,17
7,2
18,4
16,4
4294967279,13
4294967279,267
4294967279,321
4294967279,263
4294967279,8
4294967279,320
7,4
4294967279,318
4294967278,315
4294967278,251
4294967278,249
4294967279,249
4294967279,247
4294967279,301
4294967278,112
4294967278,232
4294967278,107
2,2
4294967278,218
92,5
92,4
92,3
92,2
92,1
4294967279,298
4294967279,294
4294967278,208
4294967278,207
4294967294,1370
4294967278,206
4294967278,76
4294967279,340
4294967278,83
4294967278,532
4294967278,196
4294967278,193
4294967278,190
4294967278,192
4294967278,191
4294967278,303
4294967279,189
4294967279,335
4294967278,187
4294967278,185
4294967279,140
4294967278,182
4294967278,181
4294967278,178
4294967278,180
88,5
4294967279,181
88,4
4294967278,179
88,3
88,2
88,1
4294967279,180
4294967278,527
4294967294,38
4294967294,37
4294967294,1369
4294967279,297
4294967278,172
4294967278,298
4294967278,171
4294967278,170
4294967278,169
4294967278,168
4294967278,167
4294967294,40
4294967294,1086
4294967294,45
4294967294,44
4294967278,523
4294967294,41
4294967294,107
4294967294,43
4294967278,163
4294967278,162
4294967279,331
4294967278,161
4294967294,99
4294967294,76
4294967279,290
4294967294,92
4294967294,90
4294967294,88
4294967294,86
4294967294,84
4294967294,1089
4294967294,53
4294967294,51
4294967294,52
4294967278,513
4294967278,132
4294967278,129
4294967278,127
4294967278,126
4294967278,123
4294967278,122
4294967278,115
4294967278,111
4294967278,104
4294967278,90
4294967278,87
4294967278,517
4294967278,515
4294967278,530
4294967278,75
4294967278,74
4294967278,529
4294967278,72
4294967278,67
4294967278,62
4294967278,526
4294967278,61
4294967278,60
4294967278,58
4294967278,51
4294967278,50
4294967278,48
4294967278,39
4294967278,516
4294967278,260
4294967279,2
4294967279,334
4294967279,333
4294967279,325
4294967279,21
4294967279,14
4294967279,10
4294967278,156
4294967279,156
4294967279,155
4294967278,154
85,5
85,4
4294967278,153
85,3
85,2
85,1
4294967278,521
4294967278,293
4294967294,50
4294967279,329
4294967278,520
4294967294,1368
4294967279,328
4294967278,519
4294967278,0
4294967278,518
4294967279,145
4294967279,287
4294967278,291
4294967278,139
4294967294,203
4294967279,136
4294967294,482
4294967278,290
4294967279,324
82,5
4294967279,273
82,4
82,3
82,2
82,1
4294967279,280
81,5
4294967279,11
4294967279,283
81,4
81,3
81,2
81,1
4294967279,322
4294967294,1367
4294967294,327
4294967294,1366
4294967294,196
4294967294,200
4294967294,190
4294967294,198
4294967279,262
4294967279,383
80,5
4294967279,259
80,4
80,3
80,2
80,1
4294967278,287
4294967278,514
4294967278,131
4294967278,512
4294967279,319
4294967278,130
4294967278,259
4294967278,319
4294967279,317
4294967278,128
4294967278,318
4294967278,317
4294967279,316
4294967278,316
4294967279,315
4294967278,257
79,5
4294967278,256
79,4
79,3
79,2
79,1
4294967279,382
4294967278,253
4294967279,314
4294967294,188
4294967294,336
4294967294,456
4294967294,451
4294967294,111
4294967294,464
4294967294,462
4294967294,481
4294967294,329
4294967278,121
4294967278,250
4294967278,119
4294967278,246
4294967279,246
4294967278,243
4294967278,241
4294967278,240
4294967278,239
4294967294,473
4294967294,470
4294967278,236
4294967278,225
77,5
